2/4
major
Anglais
[7 1 -1]
[0 1 -1]
[5 1 -1]
[0 1 0]
['|' 0 0]
[2 1 -1]
[0 4 -1]
[':|' 0 0]
['|:' 0 0]
[0 2 0]
[7 2 -1]
[5 2 -1]
[9 1 -1]
[6 1 -1]
[':||' 0 0]

[5 2 0]
[5 1 0]
[4 1 0]
[2 2 0]
[2 1 0]
[11 1 -1]
[0 2 -1]
[4 1 -1]
[4 2 0]
[11 2 -1]
[7 2 0]
[7 1 0]
['::' 0 0]
[4 3.0 0]
[2 1.0 0]
[9 1 0]
[0 4 0]
[4 2 -1]
[5 3.0 0]
[0 1.0 0]
[0 2 1]
[9 2 0]
[11 1 0]
[5 4 0]
[9 2 -1]
[7 4 -1]
[2 1.5 0]
[0 0.5 0]
[7 0.5 -1]
[11 0.5 -1]
[2 0.5 0]
[4 0.5 -1]
[5 0.5 -1]
[6 0.5 -1]
[9 0.5 -1]
[2 0.5 -1]
[4 1.5 0]
[10 1 -1]
[1 1 -1]
[8 1 -1]
[9 4 -1]
[2 2 -1]
['|1' 0 0]
[':|2' 0 0]
['||' 0 0]
[16 1 0]
4/4
[0 1.5 -1]
[2 1.5 -1]
[5 0.5 0]
[4 1.5 -1]
[0 0.5 -1]
[11 1.5 -1]
[8 1.5 -1]
[9 1.5 -1]
[0 1.5 0]
[8 1 0]
[9 4 0]
[2 4 0]
[6 1 0]
[0 1 1]
[4 0.5 0]
[10 2 -1]
['||' 1 0]
C
[3 1 -1]
[8 2 -1]
[3 1 0]
[11 2 0]
[4 4 0]
[4 3 0]
[7 3 0]
[9 3 0]
[7 4 0]
[0 0.3333333333333333 0]
[0 1 -2]
[4 4 -1]
Engelska
[7 1.5 0]
[9 0.5 0]
[7 0.5 0]
[5 1.5 -1]
[5 0.75 -1]
[5 0.25 -1]
[2 0.75 -1]
[0 0.25 -1]
[10 0.5 -1]
[0 0.75 0]
[10 0.25 -1]
[2 0.25 0]
[5 0.75 0]
[0 0.25 0]
[2 0.75 0]
[7 0.75 -1]
[5 0.25 0]
[10 0.75 -1]
[5 3 0]
C|
[7 1.5 -1]
[5 1.5 0]
[10 1.5 -1]
[5 4 -1]
[0 6 0]
[0 3 0]
[11 4 0]
Fyrtur
[5 2 -2]
[0 2 -2]
[5 1 -2]
Bleking
3/4
[5 1.0 -1]
[10 2 0]
[8 4 0]
[11 0.5 0]
[0 0.5 1]
[9 1.0 -1]
[7 1.0 -1]
[4 1.0 0]
[0 1.0 -1]
[4 1.0 -1]
[7 1 -2]
[1 1 0]
[3 2 0]
[6 2 0]
[1 2 0]
[11 0.3333333333333333 0]
[7 0.3333333333333333 0]
[7 3.0 -1]
[0 3.0 0]
[0 3.0 -1]
Bondpolska
[7 0.3333333333333333 -1]
[0 0.3333333333333333 -1]
[5 0.3333333333333333 -1]
[10 0.3333333333333333 -2]
[2 0.3333333333333333 -2]
[2 1.0 -1]
[2 4 -1]
[5 0.3333333333333333 0]
[11 1.0 -1]
[5 1.0 0]
[9 3.0 0]
[7 1.0 0]
[11 3.0 -1]
[4 3.0 -1]
[0 1.0 1]
[0 3.0 1]
[11 1.0 0]
[11 3.0 0]
[9 1.0 0]
[7 6.0 0]
[4 2.0 0]
[7 3.0 0]
Polska
[9 1.5 0]
[4 0.3333333333333333 0]
[2 0.3333333333333333 0]
[11 1.5 0]
[6 0.3333333333333333 0]
[2 3.0 -1]
minor
[-1 1 -1]
[-1 0.5 -1]
[-1 2 -1]
[1 0.5 -1]
[-1 3 -1]
[12 1 -1]
[1 2 -1]
[6 2 -1]
[12 2 -1]
[9 0.3333333333333333 -2]
[11 0.3333333333333333 -3]
[4 0.3333333333333333 -1]
[[Låttyper/Brännvinspolska]][[Låttyper/Engelska]]
[7 3 -1]
[0 6 -1]
[9 3.0 -1]
[2 3 0]
[7 8 0]
[4 8 0]
[0 8 -1]
[7 2 -2]
[9 0.3333333333333333 0]
[11 0.3333333333333333 -1]
[9 0.3333333333333333 -1]
Reel
[5 3 -1]
[4 3 -1]
[9 3 -1]
[2 3 -1]
[11 3 -1]
[7 3.0 -2]
[0 3 -1]
[2 1 -2]
[0 1.5 -2]
[5 0.5 -2]
[5 1.5 -2]
[2 2 -2]
[2 1.5 -2]
[4 2 -2]
[4 1 -2]
Engelska(?)
[10 4 -1]
[9 2 -2]
[8 2 -2]
[0 0.5 -2]
[2 0.5 -2]
[0 4 -2]
[5 4 -2]
engelska
6/8
[[Låttyper/Engelska]]/[[Låttyper/Gigue]]
3/8+3/8+2/8
Finnskogspols
8/16
[11 1 -2]
[2 0.3333333333333333 -1]
[9 1 -2]
[1 3 0]
[12 0.3333333333333333 -1]
[8 0.3333333333333333 -1]
[11 0.3333333333333333 -2]
[8 6 0]
[1 0.3333333333333333 0]
[6 6 0]
9/16
[1 4 0]
[8 3 0]
[6 4 0]
[6 3 0]
[8 0.3333333333333333 0]
[6 6 -1]
[1 6 0]
[6 3 -1]
[0 8 0]
[6 1.0 -1]
[6 0.3333333333333333 -1]
[6 0.3333333333333333 -3]
[1 1.0 -1]
[-1 0.3333333333333333 -1]
[1 0.3333333333333333 -1]
[4 0.3333333333333333 -2]
[12 1.0 -1]
[-1 1.0 -1]
[-1 4 -1]
[6 3.0 -1]
[10 1.0 -1]
[12 3.0 -1]
[-1 1.0 0]
[6 0.3333333333333333 -2]
[6 4 -1]
[1 3 -1]
[1 6 -1]
[-1 6 -1]
Gånglåt
[5 3.0 -1]
[9 6 -2]
[9 1.0 -2]
[9 6 -1]
[5 6 -1]
[4 6 -1]
[0 3.0 -2]
[12 4 -1]
[6 1 -2]
[6 2 -2]
[7 6 -1]
[11 4 -1]
[6 1.5 -1]
[1 1.5 -1]
[12 1.5 -1]
[-1 3.0 -1]
[-1 0.5 0]
[-1 1.5 0]
[1 1.5 0]
[12 0.5 -1]
[1 3.0 -1]
[10 3 0]
[-1 1 0]
[-1 2 0]
[6 8 -1]
[-1 8 -1]
[-1 4 0]
[1 0.5 0]
[8 0.5 -1]
[1 3.0 0]
[5 6 0]
[3 2 -1]
[10 1 -2]
[14 1 0]
[3 4 0]
[14 1 -1]
[7 4 -2]
[3 4 -1]
[2 6 -1]
2/2
[7 1.5 -2]
[2 6 0]
[7 6 0]
[10 3 -1]
[-1 1.5 -1]
[3 1.5 -1]
[22 0.5 -1]
[12 0.75 -1]
[8 0.25 -1]
[1 0.75 0]
[6 0.5 0]
[7 0.1 -1]
[9 0.1 -2]
[7 0.1 -3]
[7 0.2 -3]
[6 0.1 -4]
[7 0.1 -5]
[5 0.1 -1]
[7 0.1 -2]
[5 0.1 -3]
[5 0.1 -4]
[15 1 0]
[12 1 0]
[1 2 -2]
[8 3.0 -1]
[18 1 0]
[15 2 -1]
[18 1 -1]
[18 4 -1]
[18 2 -1]
[1 1 -2]
[11 6 -1]
[1 4 -1]
[4 1.0 -2]
[10 1 0]
[2 2.0 0]
[0 2.0 0]
[7 2.0 -1]
[5 2.0 -1]
[16 1 -1]
[5 8 -1]
[2 8 -1]
[7 8 -1]
[8 1 -2]
[2 3.0 0]
[0 4 1]
[8 4 -1]
[3 1.0 -1]
[19 1 -1]
[11 0.5 -2]
[11 2 -2]
[7 3 -2]
[11 3 -2]
[11 3.0 -2]
[9 3 -2]
[22 1 -1]
[20 1 -1]
[20 0.5 -1]
[7 0.3333333333333333 -2]
[5 0.3333333333333333 -3]
[9 0.3333333333333333 -3]
['|2' 0 0]
[5 0.3333333333333333 -2]
[4 0.3333333333333333 -3]
[7 0.3333333333333333 -3]
[-1 0.3333333333333333 0]
[1 0.5 -2]
[1 1.5 -2]
[12 1.5 -2]
[12 0.5 -2]
[-1 2 -2]
[-1 0.5 -2]
[7 0.5 -2]
[4 6 0]
[5 3 -2]
[4 3 -2]
[0 1.5 1]
[2 4 -2]
[10 6 -1]
[8 1.0 -1]
[6 8 -2]
[8 6 -1]
[11 8 -1]
[8 2 0]
[12 8 -1]
[6 4 -2]
[6 6 -2]
[6 3.0 -2]
[8 0.5 0]
[6 0.5 -2]
[12 2 0]
[10 4 0]
[0 0.16666666666666666 0]
[1 0.16666666666666666 0]
[6 0.16666666666666666 0]
[8 0.16666666666666666 0]
[4 0.16666666666666666 0]
[5 0.16666666666666666 0]
[1 0.25 0]
[0 0.6666666666666666 0]
[4 0.6666666666666666 -1]
[0 0.6666666666666666 -1]
[0 0.2 0]
[11 0.2 -1]
[0 0.2 -1]
[11 0.2 -2]
[9 0.2 -3]
[11 0.2 -4]
[8 0.5 -2]
[13 1 0]
[8 1.5 -2]
[6 1.5 -2]
[11 0.16666666666666666 -1]
[0 0.16666666666666666 -1]
[11 0.16666666666666666 -2]
[19 1 0]
[17 3 0]
[16 2 0]
[16 4 0]
[10 3.0 -1]
[10 0.5 -2]
[2 0.16666666666666666 0]
[3 0.5 -1]
[15 1 -1]
[0 3 -2]
[11 1.5 -2]
[9 0.5 -2]
Marsch
[5 0.2 -1]
[7 0.2 -2]
[5 0.2 -3]
[5 0.2 -4]
[10 0.3333333333333333 -1]
[7 1.0 -2]
[5 1.0 -2]
[[Låttyper/Gånglåt]][[Låttyper/Slunga]]
[2 3 -2]
[8 3 -1]
[4 0.5 -2]
6/4
[-1 3 0]
[12 3 -1]
[2 1 1]
[22 1 0]
[1 1.0 0]
[6 3.0 0]
[9 6 0]
[9 3.0 -2]
[0 1.0 -2]
[11 1.0 -2]
[[Låttyper/Gånglåt]][[Låttyper/Skänklåt]]
Skänklåt
[3 3 -1]
lydian
[6 1.5 0]
[11 2.0 -1]
[7 0.6666666666666666 -1]
[4 0.6666666666666666 0]
[7 0.6666666666666666 0]
dorian
[19 0.5 0]
[-1 6 0]
[-1 3.0 0]
[4 0.25 0]
Galopp
[21 1 -1]
[4 0.16666666666666666 -1]
[5 0.16666666666666666 -2]
[4 0.16666666666666666 -3]
[7 0.16666666666666666 -1]
[9 0.16666666666666666 -2]
[7 0.16666666666666666 -3]
[11 3 0]
[0 1.75 0]
[11 0.25 -1]
[10 5.0 -1]
[5 5.0 -1]
[5 5.0 0]
[16 0.5 0]
[7 0.16666666666666666 0]
[9 0.16666666666666666 0]
[12 0.16666666666666666 -1]
Gangar
Gigue
Gubbstöt
[11 0.1 -1]
[0 0.1 -1]
[11 0.1 -2]
[11 0.1 -3]
Halling
none
[2 4 1]
[3 0.5 0]
[4 1 1]
[-1 1 1]
[4 0.75 0]
[-1 6.0 -1]
[-1 2.0 0]
[6 0.6666666666666666 -1]
[9 0.6666666666666666 -2]
[6 0.6666666666666666 -3]
Hambo
[18 0.3333333333333333 -2]
[9 0.25 0]
[7 0.25 0]
[2 2 1]
[2 0.5 1]
[12 0.3333333333333333 -3]
[8 0.3333333333333333 -2]
[16 0.5 -1]
[16 1.5 -1]
[10 0.3333333333333333 -3]
[4 1.5 -2]
[10 0.16666666666666666 -1]
[10 0.16666666666666666 -2]
[9 1.5 -2]
[5 0.6666666666666666 -1]
[7 0.6666666666666666 -2]
[5 0.6666666666666666 -3]
[11 0.6666666666666666 -1]
[7 0.6666666666666666 -3]
[16 0.6666666666666666 0]
[2 0.6666666666666666 -2]
[5 0.6666666666666666 0]
[10 0.6666666666666666 -1]
[9 0.6666666666666666 -1]
[8 0.6666666666666666 -2]
[9 0.6666666666666666 -3]
[0 0.3333333333333333 1]
[7 0.3333333333333333 1]
[4 0.3333333333333333 1]
[1 2.0 0]
[9 8 0]
5/4
[2 6 -2]
[0 3 1]
[4 0.25 -1]
[9 4 -2]
[22 0.3333333333333333 -1]
[9 0.16666666666666666 -1]
[22 1.5 -1]
[2 0.3333333333333333 -3]
[[!Polska]]([[!Bondpolska]])
Hamburgerpolka
Hamburska
Hoppvals
[12 4 0]
Horrepolska
Humppa
[-1 1 -2]
Hyfs
Jig
jig
[6 0.16666666666666666 -1]
[6 0.16666666666666666 -3]
[7 0.125 -1]
[5 0.125 -1]
[2 0.125 -1]
[':|1' 0 0]
Köra
Körepolska
Kadrilj
[2 0.6666666666666666 0]
[0 0.3333333333333333 -2]
[10 0.5 0]
[2 3 1]
[4 2 1]
[0 6 1]
[2 0.6666666666666666 -1]
[5 0.6666666666666666 -2]
[2 0.16666666666666666 -1]
[9 0.16666666666666666 -3]
[15 2 0]
[5 8 0]
[11 0.6666666666666666 -3]
[9 0.6666666666666666 0]
['||' 4 0]
Kontradans
Kontradans?
Långdans
3/8
[0 6.0 0]
[15 0.5 0]
[15 0.16666666666666666 0]
[5 1.75 0]
[11 3.5 -1]
[4 1.75 0]
[0 0.3333333333333333 2]
[0 0.3333333333333333 3]
['||' 2 -1]
[5 0.16666666666666666 -1]
[7 0.16666666666666666 -2]
[8 1.0 -2]
[6 1.0 0]
[0 6.0 1]
[7 2.0 0]
[4 6.0 0]
[5 2.0 0]
[22 2 -1]
marsch
[0 0.1 0]
[2 0.1 0]
[10 0.1 -1]
[3 3 0]
[13 2 -1]
[11 0.16666666666666666 0]
[9 2.0 -1]
[2 2.0 -1]
[0 2.0 -1]
Brudmarsch
[12 6 -1]
[22 3 -2]
[22 4 -1]
[7 7 -1]
[22 3 -1]
Marsch?
[2 8 0]
phrygian
[9 0.25 -1]
['||' 1 -1]
[7 0.75 0]
[6 0.25 0]
[9 0.75 0]
[7 0.125 0]
[9 0.125 0]
[5 0.125 0]
[11 0.75 -1]
[7 0.25 -1]
4/43/4
[7 6.0 -1]
[6 2.0 -1]
[19 0.5 -1]
[11 0.6666666666666666 0]
[2 0.16666666666666666 -2]
[5 0.2 -2]
[2 0.2 -2]
[10 0.2 -3]
[11 0.2 0]
[9 0.2 0]
[11 0.16666666666666666 -3]
[4 6.0 -1]
[4 2.0 -1]
[0 6.0 -1]
[10 2.0 -1]
[4 0.2 0]
[5 0.2 0]
[2 0.2 0]
[6 6.0 -1]
[6 2.0 -2]
[1 0.2 0]
[8 1.0 0]
Mazurka
[4 0.6666666666666666 -2]
[16 3.0 -1]
[16 1.0 -1]
[0 0.16666666666666666 -2]
[4 10.0 -1]
[9 5.0 -1]
mazurka
Menuet+polsk
Menuett
['||' 1.0 -1]
[4 8 -1]
[1 4 -2]
[16 3.0 0]
[22 0.3333333333333333 -3]
[22 0.3333333333333333 -2]
[0 6 -2]
[5 0.1 0]
[2 0.1 -1]
[10 0.1 -2]
[3 0.6666666666666666 0]
[8 0.6666666666666666 0]
[10 8 -1]
[10 0.6666666666666666 0]
[3 6 -1]
[13 4 0]
[20 2 -1]
[4 4 -2]
[1 8 -1]
[20 2 0]
[9 2.0 0]
Murky
Omstämt
[5 0.16666666666666666 -3]
Polka
[10 0.16666666666666666 -3]
Snoa
[2 0 0]
[0 5 0]
[11 6 0]
[10 0.3333333333333333 0]
[13 1 -1]
Polkett
[9 12 -1]
[5 10.0 -1]
[3 1.0 0]
[8 1.5 0]
[16 2 -1]
[11 10.0 -1]
[5 10.0 0]
[2 10.0 0]
[7 0.0625 -1]
[9 0.0625 -2]
[7 0.0625 -3]
[5 0.0625 -3]
Polonäs
[9 8 -1]
[8 2.0 0]
[6 6.0 0]
[12 2.0 -1]
Slängpolska
[0 0.125 -1]
[4 0.125 -1]
[10 4 -2]
[2 6.0 -1]
[9 6.0 -1]
[5 6.0 -1]
[-1 8 0]
['||' 0.3333333333333333 -3]
[5 0.08333333333333333 0]
Sextondelspolska
Triolpolskaijämtstil
Pols
9/8
[1 0.6666666666666666 0]
[2 3.0 -2]
['||' 2 0]
['||' 0.3333333333333333 0]
[4 3.0 -2]
[3 4 -2]
[9 8 -2]
[0 8 -2]
[5 6 -2]
[12 0.6666666666666666 -1]
[1 0.6666666666666666 -1]
[6 0.6666666666666666 -2]
[12 0.6666666666666666 -2]
[1 0.6666666666666666 -2]
[1 0.25 -1]
[8 0.6666666666666666 -3]
[6 10.0 0]
[1 0.3333333333333333 -2]
polska
[20 1.5 -1]
[3 1.5 0]
[0 3.5 0]
[7 3.5 -1]
[5 3.5 -1]
[7 7.0 -1]
[8 3.0 0]
[15 1.5 -1]
Springare
[10 0.6666666666666666 -2]
[1 8 0]
[22 1 -2]
[3 1 -2]
[4 3.5 0]
[8 2.0 -1]
[7 0.2 0]
[9 0.2 -1]
[2 0.2 -1]
[9 0.2 -2]
[7 0.2 -1]
[4 0.2 -1]
[2 8 -2]
[10 0.6666666666666666 -3]
[6 0.6666666666666666 0]
[7 1.3333333333333333 -1]
[0 1.3333333333333333 -1]
[0 2.6666666666666665 -1]
[0 1.3333333333333333 0]
[7 2.6666666666666665 -3]
[9 1.3333333333333333 -1]
[2 1.3333333333333333 0]
[5 1.3333333333333333 -1]
[0 0.6666666666666666 -2]
[5 1.3333333333333333 0]
[10 1.3333333333333333 -3]
[11 0.6666666666666666 -2]
[9 0.75 -1]
[4 0.6666666666666666 -3]
[8 0.6666666666666666 -1]
[4 0.2 -2]
[12 0.2 -4]
[2 0.2 -4]
Visa
[4 1.3333333333333333 0]
[9 1.3333333333333333 0]
[1 2.0 -1]
[-1 2.0 -1]
[1 6.0 -1]
[12 6.0 -1]
[11 6.0 -1]
['||' 6 -1]
[1 2 1]
[6 1.0 -2]
[17 2 -2]
[12 10.0 -1]
[11 1.3333333333333333 -1]
['||' 1.3333333333333333 -1]
Senpolska
hambopolska
[4 8 -2]
[2 1.3333333333333333 -1]
[5 1.3333333333333333 -2]
[19 2 0]
[22 2 0]
[18 1 -2]
[19 1.5 -1]
[-1 3.5 -1]
[3 8 -1]
[8 0.16666666666666666 -1]
[-1 4 -2]
3/42/4
[2 0.25 -1]
[5 0.05 0]
[2 0.05 0]
[5 0.05 -1]
[7 0.05 -2]
[5 8 -2]
[3 0.6666666666666666 -1]
[3 0.3333333333333333 0]
[3 0.3333333333333333 -1]
[3 0.3333333333333333 -2]
[8 4 -2]
[10 0.2 -1]
[10 0.2 -2]
[10 0.2 -4]
[-1 0.6666666666666666 -1]
[0 0.75 -1]
[12 0.3333333333333333 -2]
[10 6 -2]
[7 0.3333333333333333 -4]
[9 0.3333333333333333 -6]
[10 2 -2]
[5 6 -3]
[2 6 -3]
[10 6 0]
[2 4 -3]
[2 0.375 0]
[6 3 -2]
[8 6 -2]
[5 1 1]
[-1 0.6666666666666666 0]
[-1 0.16666666666666666 0]
[9 1.75 -1]
[15 2 -2]
[16 4 -1]
[8 0.3333333333333333 -3]
[10 3 -2]
[6 0.25 -1]
[-1 0.75 0]
[6 0.75 -1]
[1 3.5 0]
[6 3.5 -1]
[11 4 -2]
[19 2 -1]
[6 8 0]
[1 0.2 -1]
[9 3.5 -1]
[2 3.5 0]
[20 1 0]
[1 0.08333333333333333 0]
[4 0.08333333333333333 -1]
[1 0.08333333333333333 -1]
[4 0.08333333333333333 -2]
[1 0.08333333333333333 -2]
[-1 0.08333333333333333 -2]
[-1 1.5 -2]
[6 0.1 -2]
[4 0.1 -4]
[5 0.1 -5]
[1 0.1 -4]
[8 0.16666666666666666 -2]
[7 64.0 -1]
[19 1.0 -1]
[19 4 -1]
[-1 6.0 0]
[-1 0.6666666666666666 -2]
[2 0.6666666666666666 -3]
[7 5 -1]
[8 6.0 -1]
[1 6.0 0]
[10 6.0 -1]
[19 6.0 -1]
[7 8 -2]
[2 1.0 -2]
[5 3.0 -2]
[0 7.0 -1]
[-1 0.16666666666666666 -1]
[7 0.4 0]
[0 0.4 0]
[1 0.4 0]
[12 0.4 -1]
[0 0.4 -1]
[7 1.75 -1]
[4 14.0 0]
[6 2.0 0]
[6 3.5 0]
[-1 3.5 0]
[4 7.0 -1]
[7 1.75 0]
[8 0.25 0]
[4 0.08333333333333333 0]
[7 5.0 -1]
[0 5.0 0]
[11 0.1 0]
[9 0.1 0]
[6 1.3333333333333333 -1]
[12 1.3333333333333333 -2]
[1 1.3333333333333333 -2]
[1 1.3333333333333333 0]
[-1 1.3333333333333333 0]
[6 7 -1]
Kortettapolska
Vallåt
[12 0.5 0]
[-1 7 -1]
['||' 0.3333333333333333 -1]
8/8
['||' 0.3333333333333333 -2]
[19 3 0]
[9 0.3333333333333333 1]
[2 0.08333333333333333 0]
[0 0.08333333333333333 0]
[11 0.08333333333333333 0]
[2 1.75 -1]
[4 0.1 0]
[6 5.0 0]
[4 8.0 0]
[0 28.0 0]
[4 20.0 0]
[0 20.0 0]
[11 20.0 0]
[2 12.0 0]
[2 4.0 0]
[11 4.0 0]
[1 28.0 0]
[1 12.0 0]
[6 12.0 0]
[8 4.0 -1]
[8 6.0 0]
[7 12.0 0]
[5 12.0 0]
[12 4.0 -1]
[11 12.0 0]
[8 12.0 0]
[5 4.0 0]
[2 6.0 0]
[3 20.0 0]
[3 12.0 0]
[5 20.0 0]
[4 12.0 0]
[7 4.0 -1]
[13 4.0 -1]
[12 12.0 0]
[8 4.0 0]
[11 2.0 0]
[7 20.0 0]
[5 6.0 0]
[0 4.0 0]
[2 20.0 0]
[13 2.0 0]
[10 2.0 0]
[9 12.0 0]
[10 12.0 0]
[6 4.0 0]
[13 12.0 0]
[12 2.0 0]
[7 4.0 0]
['||' 2.0 0]
[9 0.1 -3]
[11 0.1 -4]
[3 3.0 -1]
[14 0.5 0]
[16 2.0 0]
[0 7.0 0]
[-1 0 0]
[-1 0.3333333333333333 -2]
[11 0.08333333333333333 -1]
[0 0.08333333333333333 -1]
[11 0.08333333333333333 -2]
[2 7.0 0]
[5 2 1]
[5 4 1]
[4 4 1]
[10 1.0 0]
[19 0.6666666666666666 -3]
[12 0.25 -1]
[19 0.3333333333333333 -2]
[3 4 1]
[7 6 -2]
[21 0.5 0]
[6 14.0 -1]
[4 0.5 1]
Schottis
[19 3 -1]
[2 14.0 -1]
[7 14.0 -1]
[9 14.0 -1]
[-1 0.1 -1]
[7 10.0 -1]
[0 3.5 -1]
[7 3.5 0]
[4 0.75 -1]
Springlek
[4 6 -2]
[16 4 -2]
[16 1 -2]
Orsapolska
[22 0.5 0]
[17 1 0]
[8 8 -1]
[-1 3 -2]
[6 0.08333333333333333 0]
[9 0.5 -3]
[8 0.16666666666666666 -3]
[9 0.0625 -1]
[11 0.0625 -2]
[0 0.0625 -2]
[1 0.0625 -2]
[15 3 -1]
[5 4.0 -1]
[19 3.0 -1]
[11 1.3333333333333333 -2]
[6 0.2 -2]
[5 0.2 -5]
[4 0.16666666666666666 -2]
[1 3 -2]
[11 0.125 -1]
[10 0.125 -2]
[6 0.125 -3]
[5 0.125 -4]
[-1 0.125 0]
[1 0.125 0]
[5 0.125 -2]
[2 1.5 1]
[7 0.25 -2]
[10 3.0 0]
[3 3.0 0]
[11 8 0]
[6 1.3333333333333333 0]
[[Låttyper/Polska]][[Låttyper/Visa]]
[0 3.5 1]
[4 1.75 -1]
[4 0.0625 -1]
[1 0.0625 -1]
[4 0.0625 -2]
['||' 4 -1]
[4 0.2 -4]
[1 0.0625 0]
[4 0.0625 0]
[12 0.0625 -1]
[-1 0.75 -1]
[20 0.5 0]
[1 0.75 -1]
[-1 4 1]
[3 0.5 -2]
[3 2 -2]
[2 0.125 0]
[5 0.0625 0]
[6 0.0625 0]
Rörospols
Rørospols
[4 0.5 -3]
[4 1.0 -3]
Reinländer
Ringdans
Sønderhoning
Sönderhoning
Saraband
[12 3 0]
schottis
[22 1.5 -2]
[0 5.0 -1]
[22 1.0 -1]
[12 1.0 0]
[11 0.3333333333333333 2]
[1 0.3333333333333333 1]
[8 0.75 -1]
Reinlender
Rhenländare
[3 8 0]
[3 6 0]
[2 3.5 -1]
Serra
[1 1 1]
slängpolska
[[Låttyper/Slängpolska]]([[Låttyper/Visa]])
[0 2.0 1]
[21 2 -1]
[12 2 -2]
[1 3.0 -2]
[1 1.0 -2]
[2 0.16666666666666666 -3]
None
Svingedans
S:efterenGubbefrånSjöbotrakten
Bugadans
Tango
[15 0.5 -1]
[12 0.6666666666666666 -3]
Totakt-pols
Trekant
Vals
[2 1.75 0]
[10 1.75 -1]
[5 1.75 -1]
vals
['||' 3 -1]
[13 6 0]
[11 1 -3]
[0 3 -3]
[1 3 -3]
[4 3 -3]
[5 3 -3]
[6 3 -3]
[4 1 -3]
[1 1 -3]
[0 2 -3]
[8 3 -3]
[8 3 -2]
[19 3 -2]
[10 1 -3]
[[Personer/JohanAugustAndersson]]upptecknadav[[Personer/SörenJohansson]]
Vals?
[22 0.3333333333333333 0]
[22 6 -1]
[19 1 -2]
[22 2 -2]
[12 3 -2]
[12 4 -2]
[18 3 0]
[18 2 0]
[13 2 0]
[0 0.3333333333333333 -3]
[6 0.2 0]
[0 1 -3]
[0 6 -3]
[2 2 -3]
[2 1 -3]
[0 4 -3]
[7 2 -3]
[7 4 -3]
[7 1 -3]
[2 0.3333333333333333 2]
[1 0.16666666666666666 -1]
[17 2 -1]
Varsovienne
[-1 3.0 -2]
[-1 1.0 -2]
[11 2 -3]
[9 1 -3]
[9 2 -3]
Sånglek
visa
[2 1.0 1]
[-1 6 -2]
[-1 8 -2]
[15 1.0 -1]
2/43/4
